                                                                         1                0                           1         
                                                                         1                0                           1         
                                                         0               0         1      1       1                   0    1    
                                                         0               0         1      1       1                   0    1    
                                                         0      1        0         1          1   1                   1    1    
                                                         0      1        0         1          1   1    0110           1    1    
                                                         1      0        1         0          0   0   11111011        1    1    
                                                         1      0        1         0          0   0   1111101101      1    1    
                                                                0        1         0          1   0   11011010000     0    1    
                                                                0       0101       0          1   0   1101101000000   0    1    
                                                                1      011110      0          1        11010101001111 0         
                                                                1     00111101     0          1        1101010100111110         
                                                                0    110110101     0          0         101001011110000         
                                                                0    1101101011    0          0         1010010111100000        
                                                                1   010000111000   0      1   1      1   0001100100101011      1
                                                                1   010000111000   0      1   1      1   00011001001010111     1
                                                                1  01101001010000  0      0   1      0   101100111010011011    1
                                                                1  01101001010000  0      0   1      0   101100111010011011    1
                                                                0  001110010000111 0      1          0  1001011011011111100  1 0
                                                                0  001110010000111 0      1         10111001011011011111100  1 0
                                                                0  11110100101100010      00101111010001111001011000001011   1 1
                                                                0  1111010010110001010101000101111010001111001011000001011   1 1
                                                                0  101001000010000111010101001100111000110100110101010001    0 0
                                                                0  1 100100001000011101010100110011100011010011010101000     0 0
                                                                   1  0101110001100010011101100010111111111111001111000      1 0
                                                                   1  0101110001100010011101100010111111111111001111000      1 0
                                                                   1   1011100011000100111011000101111111111110011110 0      1 0
                                                                   0    00011111011011001010001101001100001100111010  1      0  
                                                                   0    00011111011011001010001101001100001100111010  1      0  
                                                                   1    0 1011100011101001000011111001110111100011 0  1      1  
                                                                   1    0  01110001110100100001111100111011110001  0  1      1  
                                                                   1    0   111000111010010000111110011101111000   0  1      1  
                                                                   0    0    0110110111111111111100110000100101    0  1      1  
                                                                   0    0     110110111111111111100110000100101    0  1      1  
                                                           1       0    1      1000000100100101101001100011110     0  1      0  
                                                           1       0    1       000000100100101101001100011110     0  1      0  
                                                           1    0  1    0        1010010001011110011000111111      1  1      0  
                                                           1    0  1    0         010010001011110011000111111      1  1      0  
                                                           0    1       0   0      10111111101100001101011111      1       0    
                                                           0    1       0   0      10111111101100001101011111      1       0    
                                                           1    0       1   1      0110100101111011011001100       1       1    
                                                           1    0       1   1      0 10100101111011011001100       1       1    
                                                           0    1           0      1  0111001100100100111111               1    
                                                           0    1           0      1  0111001100100100111111               1    
                                                                                       110100011000011100101                     